   0.0000000e+00
   0.0000000e+00
   0.0000000e+00
  -1.1000000e-02
  -9.0000000e-03
  -9.0000000e-03
   0.0000000e+00
   0.0000000e+00
   2.0000000e-03
   0.0000000e+00
  -1.2500000e-02
   0.0000000e+00
   0.0000000e+00
  -1.3200000e-02
   0.0000000e+00
  -8.6000000e-03
   0.0000000e+00
   0.0000000e+00
  -2.3000000e-02
  -2.5800000e-02
  -4.3900000e-02
   1.0000000e-03
   1.4000000e-02
  -1.2000000e-03
   0.0000000e+00
   0.0000000e+00
   0.0000000e+00
   0.0000000e+00
   0.0000000e+00
   0.0000000e+00
