   0.0000000e+00
   1.2700000e-01
   1.2000000e-02
   1.6000000e-02
   0.0000000e+00
   0.0000000e+00
   1.0900000e-01
   3.0000000e-01
   0.0000000e+00
   2.0000000e-02
   0.0000000e+00
   7.5000000e-02
   0.0000000e+00
   1.6000000e-02
   2.5000000e-02
   1.8000000e-02
   5.8000000e-02
   9.0000000e-03
   3.4000000e-02
   7.0000000e-03
   1.1200000e-01
   0.0000000e+00
   1.6000000e-02
   6.7000000e-02
   0.0000000e+00
   2.3000000e-02
   0.0000000e+00
   0.0000000e+00
   9.0000000e-03
   1.9000000e-02
