   0.0000000e+00
   2.1700000e-01
   2.4000000e-02
   7.6000000e-02
   0.0000000e+00
   0.0000000e+00
   2.2800000e-01
   3.0000000e-01
   0.0000000e+00
   5.8000000e-02
   0.0000000e+00
   1.1200000e-01
   0.0000000e+00
   6.2000000e-02
   8.2000000e-02
   3.5000000e-02
   9.0000000e-02
   3.2000000e-02
   9.5000000e-02
   2.2000000e-02
   1.7500000e-01
   0.0000000e+00
   3.2000000e-02
   8.7000000e-02
   0.0000000e+00
   3.5000000e-02
   0.0000000e+00
   0.0000000e+00
   2.4000000e-02
   1.0600000e-01
