   0.0000000e+00
   0.0000000e+00
   0.0000000e+00
  -1.6000000e-02
  -1.2000000e-02
  -1.2000000e-02
   0.0000000e+00
   0.0000000e+00
  -1.7000000e-02
   0.0000000e+00
  -1.7000000e-02
   0.0000000e+00
   0.0000000e+00
  -2.3000000e-02
   0.0000000e+00
  -1.2800000e-02
   0.0000000e+00
   0.0000000e+00
  -4.0200000e-02
  -4.5100000e-02
  -6.7200000e-02
  -4.8500000e-02
  -6.8000000e-03
  -2.9000000e-02
   0.0000000e+00
   0.0000000e+00
   0.0000000e+00
   0.0000000e+00
   0.0000000e+00
   0.0000000e+00
