  -0.0000000e+00  -0.0000000e+00  -0.0000000e+00  -0.0000000e+00   1.0000000e+00  -0.0000000e+00
   1.0000000e-01  -0.0000000e+00  -0.0000000e+00  -0.0000000e+00   1.0000000e+00   9.2000000e-01
   9.0000000e-02  -0.0000000e+00  -0.0000000e+00  -0.0000000e+00   1.0000000e+00   1.8000000e-01
   1.2000000e-01  -0.0000000e+00  -0.0000000e+00  -0.0000000e+00   1.0000000e+00   1.5100000e+00
   6.0000000e-02  -0.0000000e+00  -0.0000000e+00  -0.0000000e+00   1.0000000e+00   9.2000000e-01
   6.0000000e-02  -0.0000000e+00  -0.0000000e+00  -0.0000000e+00   1.0000000e+00   1.8000000e-01
   2.0000000e-01  -0.0000000e+00  -0.0000000e+00  -0.0000000e+00   1.0000000e+00   1.5100000e+00
   2.0000000e-01  -0.0000000e+00  -0.0000000e+00  -0.0000000e+00   1.0000000e+00   1.5100000e+00
   6.0000000e-02  -0.0000000e+00  -0.0000000e+00  -0.0000000e+00   1.0000000e+00   1.8000000e-01
   6.0000000e-02  -0.0000000e+00  -0.0000000e+00  -0.0000000e+00   1.0000000e+00   1.5100000e+00
   4.5000000e-02  -0.0000000e+00  -0.0000000e+00  -0.0000000e+00   1.0000000e+00   1.5100000e+00
   6.0000000e-02  -0.0000000e+00  -0.0000000e+00  -0.0000000e+00   1.0000000e+00   9.2000000e-01
   6.0000000e-02  -0.0000000e+00  -0.0000000e+00  -0.0000000e+00   1.0000000e+00   1.5100000e+00
   1.2000000e-01  -0.0000000e+00  -0.0000000e+00  -0.0000000e+00   1.0000000e+00   9.2000000e-01
   6.0000000e-02  -0.0000000e+00  -0.0000000e+00  -0.0000000e+00   1.0000000e+00   1.5100000e+00
   6.0000000e-02  -0.0000000e+00  -0.0000000e+00  -0.0000000e+00   1.0000000e+00   1.8000000e-01
   6.0000000e-02  -0.0000000e+00  -0.0000000e+00  -0.0000000e+00   1.0000000e+00   1.5100000e+00
   9.0000000e-02  -0.0000000e+00  -0.0000000e+00  -0.0000000e+00   1.0000000e+00   1.8000000e-01
   9.0000000e-02  -0.0000000e+00  -0.0000000e+00  -0.0000000e+00   1.0000000e+00   9.2000000e-01
   9.0000000e-02  -0.0000000e+00  -0.0000000e+00  -0.0000000e+00   1.0000000e+00   1.5100000e+00
   9.0000000e-02  -0.0000000e+00  -0.0000000e+00  -0.0000000e+00   1.0000000e+00   1.8000000e-01
   9.0000000e-02  -0.0000000e+00  -0.0000000e+00  -0.0000000e+00   1.0000000e+00   9.2000000e-01
   9.0000000e-02  -0.0000000e+00  -0.0000000e+00  -0.0000000e+00   1.0000000e+00   1.5100000e+00
   4.2000000e-01  -0.0000000e+00  -0.0000000e+00  -0.0000000e+00   1.0000000e+00   1.5100000e+00
   4.2000000e-01  -0.0000000e+00  -0.0000000e+00  -0.0000000e+00   1.0000000e+00   1.5100000e+00
   6.0000000e-02  -0.0000000e+00  -0.0000000e+00  -0.0000000e+00   1.0000000e+00   1.5100000e+00
   6.0000000e-02  -0.0000000e+00  -0.0000000e+00  -0.0000000e+00   1.0000000e+00   1.8000000e-01
   6.0000000e-02  -0.0000000e+00  -0.0000000e+00  -0.0000000e+00   1.0000000e+00   1.5100000e+00
   1.2000000e-01  -0.0000000e+00  -0.0000000e+00  -0.0000000e+00   1.0000000e+00   1.5100000e+00
   2.0000000e-01  -0.0000000e+00  -0.0000000e+00  -0.0000000e+00   1.0000000e+00   1.5100000e+00
   1.5000000e-01  -0.0000000e+00  -0.0000000e+00  -0.0000000e+00   1.0000000e+00   9.2000000e-01
   2.1000000e-01  -0.0000000e+00  -0.0000000e+00  -0.0000000e+00   1.0000000e+00   9.2000000e-01
   6.0000000e-02  -0.0000000e+00  -0.0000000e+00  -0.0000000e+00   1.0000000e+00   1.5100000e+00
  -0.0000000e+00  -0.0000000e+00  -0.0000000e+00  -0.0000000e+00   1.0000000e+00  -0.0000000e+00
  -0.0000000e+00  -0.0000000e+00  -0.0000000e+00  -0.0000000e+00   1.0000000e+00  -0.0000000e+00
  -0.0000000e+00  -0.0000000e+00  -0.0000000e+00  -0.0000000e+00   1.0000000e+00  -0.0000000e+00
  -0.0000000e+00  -0.0000000e+00  -0.0000000e+00  -0.0000000e+00   1.0000000e+00  -0.0000000e+00
  -0.0000000e+00  -0.0000000e+00  -0.0000000e+00  -0.0000000e+00   1.0000000e+00  -0.0000000e+00
